{
  "accessors": [
    {
      "bufferView": 2,
      "componentType": 5126,
      "count": 49117,
      "max": [
        11.759571075439453,
        18.70826530456543,
        29.259515762329102
      ],
      "min": [
        -10.644733428955078,
        -13.058817863464355,
        2.6493282318115234
      ],
      "type": "VEC3"
    },
    {
      "bufferView": 2,
      "byteOffset": 589404,
      "componentType": 5126,
      "count": 49117,
      "max": [
        0.9999585747718811,
        0.99995666742324829,
        0.99997931718826294
      ],
      "min": [
        -0.99996912479400635,
        -0.99996715784072876,
        -0.99989819526672363
      ],
      "type": "VEC3"
    },
    {
      "bufferView": 3,
      "componentType": 5126,
      "count": 49117,
      "max": [
        0.97446554899215698,
        0.99999982118606567,
        0.99992048740386963,
        1
      ],
      "min": [
        -0.99929070472717285,
        -0.99999594688415527,
        -0.99851375818252563,
        -1
      ],
      "type": "VEC4"
    },
    {
      "bufferView": 1,
      "componentType": 5126,
      "count": 49117,
      "max": [
        0.99853515625,
        0.99853408336639404
      ],
      "min": [
        0.00146484375,
        0.001465916633605957
      ],
      "type": "VEC2"
    },
    {
      "bufferView": 1,
      "byteOffset": 392936,
      "componentType": 5126,
      "count": 49117,
      "max": [
        0.99853515625,
        0.99853408336639404
      ],
      "min": [
        0.00146484375,
        0.001465916633605957
      ],
      "type": "VEC2"
    },
    {
      "bufferView": 0,
      "componentType": 5125,
      "count": 268278,
      "max": [
        49116
      ],
      "min": [
        0
      ],
      "type": "SCALAR"
    }
  ],
  "asset": {
    "extras": {
      "author": "Freegives (https://sketchfab.com/peoplesrepublicofchina0001)",
      "license": "CC-BY-4.0 (http://creativecommons.org/licenses/by/4.0/)",
      "source": "https://sketchfab.com/3d-models/donald-trump-head-68f9ccede1364d0e91ebaba8d226cb76",
      "title": "Donald Trump Head"
    },
    "generator": "Sketchfab-5.42.0",
    "version": "2.0"
  },
  "bufferViews": [
    {
      "buffer": 0,
      "byteLength": 1073112,
      "byteOffset": 0,
      "name": "floatBufferViews",
      "target": 34963
    },
    {
      "buffer": 0,
      "byteLength": 785872,
      "byteOffset": 1073112,
      "byteStride": 8,
      "name": "floatBufferViews",
      "target": 34962
    },
    {
      "buffer": 0,
      "byteLength": 1178808,
      "byteOffset": 1858984,
      "byteStride": 12,
      "name": "floatBufferViews",
      "target": 34962
    },
    {
      "buffer": 0,
      "byteLength": 785872,
      "byteOffset": 3037792,
      "byteStride": 16,
      "name": "floatBufferViews",
      "target": 34962
    }
  ],
  "buffers": [
    {
      "byteLength": 3823664,
      "uri": "scene.bin"
    }
  ],
  "images": [
    {
      "uri": "textures/Material_0_baseColor.jpeg"
    },
    {
      "uri": "textures/Material_0_normal.png"
    }
  ],
  "materials": [
    {
      "doubleSided": true,
      "emissiveFactor": [
        0,
        0,
        0
      ],
      "name": "Material_0",
      "normalTexture": {
        "index": 1,
        "scale": 1,
        "texCoord": 0
      },
      "pbrMetallicRoughness": {
        "baseColorFactor": [
          1,
          1,
          1,
          1
        ],
        "baseColorTexture": {
          "index": 0,
          "texCoord": 0
        },
        "metallicFactor": 0,
        "roughnessFactor": 1
      }
    }
  ],
  "meshes": [
    {
      "name": "mainMeshNode_Material_0_0",
      "primitives": [
        {
          "attributes": {
            "NORMAL": 1,
            "POSITION": 0,
            "TANGENT": 2,
            "TEXCOORD_0": 3,
            "TEXCOORD_1": 4
          },
          "indices": 5,
          "material": 0,
          "mode": 4
        }
      ]
    }
  ],
  "nodes": [
    {
      "children": [
        1
      ],
      "name": "RootNode (gltf orientation matrix)",
      "rotation": [
        -0.70710678118654746,
        -0,
        -0,
        0.70710678118654757
      ]
    },
    {
      "children": [
        2
      ],
      "name": "RootNode (model correction matrix)"
    },
    {
      "children": [
        3
      ],
      "matrix": [
        1,
        0,
        0,
        0,
        0,
        0,
        1,
        0,
        0,
        -1,
        0,
        0,
        0,
        0,
        0,
        1
      ],
      "name": "0259a81afa8b447c9ba2ef7531a59e03.fbx"
    },
    {
      "children": [
        4,
        6,
        8,
        10,
        12,
        14,
        16,
        18,
        20,
        22,
        24,
        26,
        28,
        30,
        32,
        34,
        36,
        38,
        40,
        42,
        44,
        46
      ],
      "name": "RootNode"
    },
    {
      "children": [
        5
      ],
      "matrix": [
        0.30558721582053194,
        0.071803467985613947,
        -0.9494528505999098,
        0,
        0.11959700941148067,
        0.98636084959766035,
        0.11308770808895091,
        0,
        0.944623209997979,
        -0.14810987936738212,
        0.29283178578647107,
        0,
        -50.716583251953125,
        -17.176376342773438,
        204.61384582519531,
        1
      ],
      "name": "Screenshot__10_"
    },
    {
      "name": ""
    },
    {
      "children": [
        7
      ],
      "matrix": [
        0.21858388447808674,
        0.076030690845677512,
        -0.97285169450230169,
        0,
        0.13344793711517372,
        0.9852644302248712,
        0.10698434751572064,
        0,
        0.96665026432840506,
        -0.1532101060086731,
        0.20521678754584405,
        0,
        -34.554515838623047,
        -17.902862548828125,
        208.05088806152344,
        1
      ],
      "name": "Screenshot__11_"
    },
    {
      "name": ""
    },
    {
      "children": [
        9
      ],
      "matrix": [
        0.057274147825206678,
        0.099056455113191652,
        -0.99343217719746946,
        0,
        0.16150079144134738,
        0.98104039974173218,
        0.1071318273829063,
        0,
        0.98520919928445383,
        -0.16657596697900531,
        0.04019055697915308,
        0,
        1.379510760307312,
        -13.720000267028809,
        161.45570373535156,
        1
      ],
      "name": "Screenshot__12_"
    },
    {
      "name": ""
    },
    {
      "children": [
        11
      ],
      "matrix": [
        -0.11466421403646487,
        0.10944137958623711,
        -0.9873574339891612,
        0,
        0.17914223414317543,
        0.9798966433747931,
        0.087810183059854816,
        0,
        0.97711830295291857,
        -0.16680873099773486,
        -0.13196465169633065,
        0,
        13.396819114685059,
        -8.5669565200805664,
        120.73895263671875,
        1
      ],
      "name": "Screenshot__13_"
    },
    {
      "name": ""
    },
    {
      "children": [
        13
      ],
      "matrix": [
        -0.26235604104829657,
        0.13498891726116033,
        -0.95548275753261225,
        0,
        0.1985668609742601,
        0.97652904984309286,
        0.083439897743077043,
        0,
        0.9443201308075001,
        -0.16783625064093249,
        -0.2830026210523513,
        0,
        29.380659103393555,
        -11.38865852355957,
        117.24452972412109,
        1
      ],
      "name": "Screenshot__14_"
    },
    {
      "name": ""
    },
    {
      "children": [
        15
      ],
      "matrix": [
        -0.36774677407315925,
        0.1367319207822327,
        -0.91981883650966056,
        0,
        0.20672988418710567,
        0.97640031220820489,
        0.062491481849175926,
        0,
        0.90665597948878618,
        -0.1671730006876746,
        -0.38733463916658439,
        0,
        40.279071807861328,
        -11.636037826538086,
        113.52753448486328,
        1
      ],
      "name": "Screenshot__15_"
    },
    {
      "name": ""
    },
    {
      "children": [
        17
      ],
      "matrix": [
        -0.4869952172296963,
        0.15382499440560893,
        -0.85975201627650477,
        0,
        0.22093359484940472,
        0.97405060311256841,
        0.049130125615154757,
        0,
        0.84499941127927414,
        -0.16602196743851758,
        -0.50834309404724265,
        0,
        53.677398681640625,
        -13.680795669555664,
        106.78784942626953,
        1
      ],
      "name": "Screenshot__16_"
    },
    {
      "name": ""
    },
    {
      "children": [
        19
      ],
      "matrix": [
        -0.61539318921362907,
        0.16090921215816056,
        -0.77162131133874112,
        0,
        0.22726335927168506,
        0.97358982508258918,
        0.021776547664919363,
        0,
        0.75474670466456972,
        -0.16196011218288775,
        -0.63570931553633758,
        0,
        66.587135314941406,
        -14.295950889587402,
        97.628372192382812,
        1
      ],
      "name": "Screenshot__17_"
    },
    {
      "name": ""
    },
    {
      "children": [
        21
      ],
      "matrix": [
        -0.67365584630865705,
        0.16768561499787998,
        -0.71977033507706467,
        0,
        0.22889456432117822,
        0.97337048004085414,
        0.012537424346936235,
        0,
        0.7027055422852343,
        -0.15630560804980709,
        -0.69409904029165403,
        0,
        72.255165100097656,
        -14.922646522521973,
        92.485198974609375,
        1
      ],
      "name": "Screenshot__18_"
    },
    {
      "name": ""
    },
    {
      "children": [
        23
      ],
      "matrix": [
        -0.69589602399741168,
        0.16319068206122256,
        -0.6993550779632528,
        0,
        0.22648866003795581,
        0.97401192571125828,
        0.0019119221891751026,
        0,
        0.6814921941290345,
        -0.15706549544899787,
        -0.71477186533925341,
        0,
        75.536361694335938,
        -14.61915111541748,
        89.407295227050781,
        1
      ],
      "name": "Screenshot__19_"
    },
    {
      "name": ""
    },
    {
      "children": [
        25
      ],
      "matrix": [
        0.97909529042969368,
        0.0135468114619125,
        -0.20295047710613862,
        0,
        -0.019305195171819535,
        0.99946448789044007,
        -0.026420576929324494,
        0,
        0.20248388009363077,
        0.029786261012684924,
        0.97883249688448348,
        0,
        -208.13775634765625,
        -0.87221789360046387,
        37.9390869140625,
        1
      ],
      "name": "Screenshot__2_"
    },
    {
      "name": ""
    },
    {
      "children": [
        27
      ],
      "matrix": [
        -0.7018943373733959,
        0.15772743554418797,
        -0.6945980098156167,
        0,
        0.22592120951450792,
        0.97411974812844504,
        -0.0070938986232335077,
        0,
        0.67550273593425458,
        -0.16190358977746269,
        -0.71936310814671889,
        0,
        76.22772216796875,
        -14.147961616516113,
        88.994842529296875,
        1
      ],
      "name": "Screenshot__20_"
    },
    {
      "name": ""
    },
    {
      "children": [
        29
      ],
      "matrix": [
        -0.69115592492271949,
        0.14886534611678015,
        -0.70720760471713795,
        0,
        0.22292437301635348,
        0.97475325136163637,
        -0.012681595924177599,
        0,
        0.68746506191913925,
        -0.16641877203443628,
        -0.70689219896322553,
        0,
        75.234115600585938,
        -13.295637130737305,
        89.834396362304688,
        1
      ],
      "name": "Screenshot__21_"
    },
    {
      "name": ""
    },
    {
      "children": [
        31
      ],
      "matrix": [
        -0.66149646951359631,
        0.13637346109420725,
        -0.73744470974455756,
        0,
        0.22269057337810175,
        0.97469396039133815,
        -0.019508769955606756,
        0,
        0.71612242623002698,
        -0.17712696769785014,
        -0.67512569789972043,
        0,
        73.026519775390625,
        -12.259662628173828,
        92.098960876464844,
        1
      ],
      "name": "Screenshot__22_"
    },
    {
      "name": ""
    },
    {
      "children": [
        33
      ],
      "matrix": [
        0.86248988690788453,
        0.038678409065975417,
        -0.50459407017299518,
        0,
        -0.02464033264117016,
        0.99910205071755498,
        0.034466596282612769,
        0,
        0.50547408339988809,
        -0.017293724992065846,
        0.86266846359823646,
        0,
        -191.39341735839844,
        -4.782811164855957,
        102.18936920166016,
        1
      ],
      "name": "Screenshot__3_"
    },
    {
      "name": ""
    },
    {
      "children": [
        35
      ],
      "matrix": [
        0.78094711464219446,
        0.064098799147490157,
        -0.62129940292895902,
        0,
        -0.026246479882705936,
        0.99720933947580181,
        0.069890310887860657,
        0,
        0.62404545221145391,
        -0.038273714349208593,
        0.78045012420020621,
        0,
        -177.33108520507812,
        -9.4652261734008789,
        128.48939514160156,
        1
      ],
      "name": "Screenshot__4_"
    },
    {
      "name": ""
    },
    {
      "children": [
        37
      ],
      "matrix": [
        0.69385357357138056,
        0.073863908809851886,
        -0.71631790527499362,
        0,
        -0.0094418306731230348,
        0.99557320298739016,
        0.093513899111142162,
        0,
        0.7200542134282425,
        -0.058121600707126853,
        0.69147943516454369,
        0,
        -162.12794494628906,
        -10.930096626281738,
        150.13400268554688,
        1
      ],
      "name": "Screenshot__5_"
    },
    {
      "name": ""
    },
    {
      "children": [
        39
      ],
      "matrix": [
        0.6985483874527264,
        0.050654257448132047,
        -0.71376767690164711,
        0,
        0.029753652686646294,
        0.99457243821064456,
        0.09970148094956334,
        0,
        0.71494396321599785,
        -0.090883504301452159,
        0.69324982373376032,
        0,
        -70.702133178710938,
        -2.3221976757049561,
        93.255355834960938,
        1
      ],
      "name": "Screenshot__6_"
    },
    {
      "name": ""
    },
    {
      "children": [
        41
      ],
      "matrix": [
        0.60073192256249142,
        0.043706197314614739,
        -0.79825492515277907,
        0,
        0.059780616257862226,
        0.99325307450958111,
        0.099371061668348359,
        0,
        0.79721228987905302,
        -0.10741554027960962,
        0.59406604563149079,
        0,
        -61.252719879150391,
        -1.5142161846160889,
        101.07505035400391,
        1
      ],
      "name": "Screenshot__7_"
    },
    {
      "name": ""
    },
    {
      "children": [
        43
      ],
      "matrix": [
        0.53663323400002172,
        0.042397551979528811,
        -0.84274979664952809,
        0,
        0.076216732116052816,
        0.99221910546818315,
        0.098449258450575838,
        0,
        0.84036645691759237,
        -0.11706277943933155,
        0.5292263445423997,
        0,
        -54.783409118652344,
        -1.3667514324188232,
        105.50263977050781,
        1
      ],
      "name": "Screenshot__8_"
    },
    {
      "name": ""
    },
    {
      "children": [
        45
      ],
      "matrix": [
        0.41579688088013622,
        0.066663032547498252,
        -0.90701102195172978,
        0,
        0.098109889052198918,
        0.98820199226168748,
        0.11760642907680224,
        0,
        0.90415010010535046,
        -0.1378871371143911,
        0.40435100333482799,
        0,
        -72.271865844726562,
        -16.067501068115234,
        197.39382934570312,
        1
      ],
      "name": "Screenshot__9_"
    },
    {
      "name": ""
    },
    {
      "children": [
        47
      ],
      "name": "mainMeshNode"
    },
    {
      "mesh": 0,
      "name": "mainMeshNode_Material_0_0"
    }
  ],
  "samplers": [
    {
      "magFilter": 9729,
      "minFilter": 9987,
      "wrapS": 10497,
      "wrapT": 10497
    }
  ],
  "scene": 0,
  "scenes": [
    {
      "name": "OSG_Scene",
      "nodes": [
        0
      ]
    }
  ],
  "textures": [
    {
      "sampler": 0,
      "source": 0
    },
    {
      "sampler": 0,
      "source": 1
    }
  ]
}

